1 1 False (0.24, 0.0, False) 187 165 182 192 12 55 48
1 1 False (0.6, 0.08, True) 187 167 182 191 11 55 48
1 1 False (1.0, 0.08, True) 187 170 182 188 9 55 48
1 1 False (1.0, 0.12, True) 187 172 182 192 8 55 48
1 1 False (1.5, 0.12, True) 187 172 182 193 8 55 48
1 1 iid (0.24, 0.0, False) 187 143 182 174 24 55 41
1 1 iid (0.6, 0.08, True) 187 172 182 212 16 55 41
1 1 iid (1.0, 0.08, True) 187 167 182 206 13 55 41
1 1 iid (1.0, 0.12, True) 187 148 182 198 21 55 41
1 1 iid (1.5, 0.12, True) 187 145 182 198 22 55 41
1 1 streak (0.24, 0.0, False) 187 134 182 174 28 55 56
1 1 streak (0.6, 0.08, True) 187 163 182 206 13 55 56
1 1 streak (1.0, 0.08, True) 187 159 182 204 15 55 56
1 1 streak (1.0, 0.12, True) 187 146 182 184 22 55 56
1 1 streak (1.5, 0.12, True) 187 151 182 183 19 55 56
1 2 False (0.24, 0.0, False) 250 243 180 175 3 57 57
1 2 False (0.6, 0.08, True) 250 242 180 178 3 57 57
1 2 False (1.0, 0.08, True) 250 231 180 177 8 57 57
1 2 False (1.0, 0.12, True) 250 237 180 178 5 57 57
1 2 False (1.5, 0.12, True) 250 238 180 176 5 57 57
1 2 iid (0.24, 0.0, False) 250 218 180 169 13 57 54
1 2 iid (0.6, 0.08, True) 250 236 180 186 6 57 54
1 2 iid (1.0, 0.08, True) 250 229 180 190 8 57 54
1 2 iid (1.0, 0.12, True) 250 224 180 180 10 57 54
1 2 iid (1.5, 0.12, True) 250 214 180 174 14 57 54
1 2 streak (0.24, 0.0, False) 250 217 180 173 13 57 69
1 2 streak (0.6, 0.08, True) 250 241 180 207 15 57 69
1 2 streak (1.0, 0.08, True) 250 238 180 200 11 57 69
1 2 streak (1.0, 0.12, True) 250 229 180 189 8 57 69
1 2 streak (1.5, 0.12, True) 250 222 180 187 11 57 69
2 1 False (0.24, 0.0, False) 295 283 243 225 7 51 49
2 1 False (0.6, 0.08, True) 295 267 243 232 9 51 49
2 1 False (1.0, 0.08, True) 295 265 243 229 10 51 49
2 1 False (1.0, 0.12, True) 295 260 243 237 12 51 49
2 1 False (1.5, 0.12, True) 295 259 243 238 12 51 49
2 1 iid (0.24, 0.0, False) 295 249 243 217 16 51 51
2 1 iid (0.6, 0.08, True) 295 257 243 245 13 51 51
2 1 iid (1.0, 0.08, True) 295 260 243 244 12 51 51
2 1 iid (1.0, 0.12, True) 295 254 243 230 14 51 51
2 1 iid (1.5, 0.12, True) 295 249 243 229 16 51 51
2 1 streak (0.24, 0.0, False) 295 228 243 210 23 51 48
2 1 streak (0.6, 0.08, True) 295 262 243 223 11 51 48
2 1 streak (1.0, 0.08, True) 295 263 243 225 11 51 48
2 1 streak (1.0, 0.12, True) 295 254 243 216 14 51 48
2 1 streak (1.5, 0.12, True) 295 245 243 215 17 51 48
2 2 False (0.24, 0.0, False) 248 234 178 160 10 54 49
2 2 False (0.6, 0.08, True) 248 205 178 165 17 54 49
2 2 False (1.0, 0.08, True) 248 200 178 165 19 54 49
2 2 False (1.0, 0.12, True) 248 201 178 165 19 54 49
2 2 False (1.5, 0.12, True) 248 197 178 166 21 54 49
2 2 iid (0.24, 0.0, False) 248 211 178 123 31 54 55
2 2 iid (0.6, 0.08, True) 248 218 178 157 12 54 55
2 2 iid (1.0, 0.08, True) 248 211 178 158 15 54 55
2 2 iid (1.0, 0.12, True) 248 207 178 156 17 54 55
2 2 iid (1.5, 0.12, True) 248 201 178 151 19 54 55
2 2 streak (0.24, 0.0, False) 248 200 178 137 23 54 41
2 2 streak (0.6, 0.08, True) 248 210 178 165 15 54 41
2 2 streak (1.0, 0.08, True) 248 204 178 166 18 54 41
2 2 streak (1.0, 0.12, True) 248 206 178 157 17 54 41
2 2 streak (1.5, 0.12, True) 248 201 178 157 19 54 41
